VIRGINIA

LICENSED DRIVERS BY JURISDICTION

CALENDAR YEARS 2006 - 2012

Jurisdiction

2006

2007

2008

2009

2010

2011

2012

Accomack Co.

24,003

24,015

23,979

23,816

25,149

24,036

24,202

Albemarle Co.

62,952

64,114

64,839

65,154

65,928

66,955

67,544

Alleghany Co.

12,529

12,453

12,357

12,235

12,180

13,266

12,182

Amelia Co.

9,456

9,554

9,567

9,624

9,686

9,877

9,860

Amherst Co.

22,229

22,571

22,773

22,667

22,926

22,972

23,060

Appomattox Co.

10,828

10,912

11,095

11,127

11,176

11,350

11,454

Arlington Co.

143,344

143,184

144,802

146,191

149,905

154,970

158,745

Augusta Co.

54,672

55,394

55,768

55,960

56,374

56,564

56,767

Bath Co.

4,010

3,989

3,987

3,913

3,951

3,937

3,887

Bedford Co.

51,668

52,434

52,945

53,167

53,709

54,451

54,905

Bland Co.

4,976

4,965

4,907

4,905

4,881

4,864

4,861

Botetourt Co.

24,673

25,019

25,111

25,244

25,416

25,592

25,631

Brunswick Co.

10,763

10,683

10,676

10,648

10,507

10,599

10,609

Buchanan Co.

18,356

18,165

18,122

17,951

17,783

17,800

17,573

Buckingham Co.

10,108

10,436

10,462

10,402

10,437

10,420

10,515

Campbell Co.

38,202

38,438

38,569

38,610

38,832

39,088

39,070

Caroline Co.

19,384

19,869

20,043

20,079

20,213

20,437

20,688

Carroll Co.

21,985

22,123

22,082

21,917

22,025

22,167

22,181

Charles City Co.

5,513

5,595

5,656

5,571

5,572

5,607

5,587

Charlotte Co.

8,842

8,873

8,839

8,829

8,889

8,888

8,830

Chesterfield Co.

218,254

221,613

223,357

224,038

226,654

229,475

233,125

Clarke Co.

10,597

10,725

10,825

10,949

11,072

11,206

11,430

Craig Co.

3,872

3,905

3,876

3,876

3,946

3,974

3,969

Culpeper Co.

30,666

31,113

31,251

31,475

31,867

32,377

32,960

Cumberland Co.

6,790

6,927

6,993

7,030

7,018

7,043

7,065

Dickenson Co.

11,875

11,792

11,784

11,663

10,993

11,494

11,373

Dinwiddie Co.

17,986

18,318

18,547

18,588

18,610

18,728

18,712

Essex Co.

7,881

8,070

8,156

8,114

8,241

8,202

8,228

Fairfax Co.

744,845

746,357

752,081

757,964

768,004

781,627

788,902

Fauquier Co.

49,275

49,814

50,134

50,536

51,019

52,147

52,770

Floyd Co.

11,087

11,187

11,348

11,407

11,491

11,543

11,677

Fluvanna Co.

18,039

18,338

18,519

18,632

18,851

19,073

19,125

Franklin Co.

39,067

39,655

39,852

39,905

40,225

40,363

40,426

Frederick Co.

53,621

54,702

55,446

56,177

57,067

57,776

58,613

Giles Co.

12,613

12,628

12,635

12,555

12,522

12,577

12,584

Gloucester Co.

28,634

29,017

29,312

29,316

29,436

29,731

29,640

Goochland Co.

15,290

15,786

16,037

16,305

16,547

16,689

16,803

Grayson Co.

12,136

12,088

11,953

11,809

11,752

11,681

11,591

Greene Co.

12,510

12,795

13,003

13,159

13,369

13,650

13,910

Greensville Co.

6,397

6,352

6,286

6,256

6,200

6,200

9,363





VIRGINIA

LICENSED DRIVERS BY JURISDICTION

CALENDAR YEARS 2006 - 2012

Jurisdiction

2006

2007

2008

2009

2010

2011

2012

Halifax Co.

25,671

25,692

25,493

25,328

25,432

25,443

25,499

Hanover Co.

73,763

75,020

75,748

76,198

76,019

78,127

78,809

Henrico Co.

205,925

208,628

210,656

211,524

214,135

217,552

220,243

Henry Co.

40,370

40,082

39,705

39,101

38,676

38,444

38,046

Highland Co.

2,063

2,049

2,058

2,025

2,005

2,002

1,969

Isle of Wight Co.

25,625

26,196

26,605

26,780

26,553

27,182

27,468

James City Co.

44,031

45,423

46,437

47,424

47,996

48,502

48,863

King & Queen Co.

5,194

5,219

5,231

5,190

5,265

5,304

5,318

King George Co.

15,209

15,690

16,028

16,163

16,484

16,899

17,277

King William Co.

11,370

11,666

11,908

12,081

12,289

12,311

12,400

Lancaster Co.

9,424

9,541

9,426

9,127

8,951

8,942

8,846

Lee Co.

16,223

16,299

16,366

16,345

16,272

16,282

16,252

Loudoun Co.

191,086

199,575

207,399

214,066

222,528

231,749

241,268

Louisa Co.

23,276

23,855

24,289

24,523

24,906

25,199

25,346

Lunenburg Co.

8,637

8,561

8,557

8,499

8,596

8,552

8,445

Madison Co.

10,247

10,286

10,239

10,178

10,276

10,282

10,277

Mathews Co.

7,326

7,393

7,368

7,372

7,366

7,338

7,244

Mecklenburg Co.

22,524

22,445

22,362

22,315

22,327

22,343

22,173

Middlesex Co.

8,606

8,644

8,628

8,732

8,671

8,662

8,641

Montgomery Co.

53,018

53,193

53,446

53,557

53,877

54,725

55,270

Nelson Co.

11,588

11,670

11,719

11,708

11,760

11,844

11,792

New Kent Co.

12,869

13,324

13,685

13,994

14,270

14,582

14,841

Northampton Co.

8,623

8,683

8,722

8,658

8,655

8,669

8,587

Northumberland Co.

9,954

10,065

9,998

10,169

10,037

10,298

10,305

Nottoway Co.

9,737

9,767

9,767

9,690

9,736

9,732

9,734

Orange Co.

23,746

24,289

24,531

24,668

24,979

25,234

25,455

Page Co.

17,706

17,689

17,713

17,588

17,565

17,482

17,471

Patrick Co.

13,944

13,949

13,984

13,939

13,794

13,840

13,799

Pittsylvania Co.

46,158

46,245

46,195

45,851

45,809

45,755

45,550

Powhatan Co.

19,190

19,622

20,005

20,215

20,513

20,876

20,953

Prince Edward Co.

12,137

12,312

12,365

12,385

12,213

12,605

12,565

Prince George Co.

20,913

21,325

21,477

21,567

21,826

22,031

21,943

Prince William Co.

245,509

249,269

253,599

261,131

270,612

280,605

288,167

Pulaski Co.

24,448

24,495

24,465

24,265

23,455

24,187

24,091

Rappahannock Co.

6,123

6,223

6,153

6,155

6,091

6,122

6,131

Richmond Co.

6,474

6,472

6,323

6,237

6,257

6,438

6,509

Roanoke Co.

70,334

71,258

71,594

71,556

71,772

72,113

72,390

Rockbridge Co.

16,563

16,711

16,720

16,700

16,782

16,812

16,771

Rockingham Co.

53,232

54,241

54,658

54,569

53,825

55,621

55,769

Russell Co.

21,267

21,384

21,462

21,322

21,257

21,252

21,098





VIRGINIA

LICENSED DRIVERS BY JURISDICTION

CALENDAR YEARS 2006 - 2012

Jurisdiction

2006

2007

2008

2009

2010

2011

2012

Scott Co.

17,018

17,139

17,139

16,950

17,113

16,996

16,850

Shenandoah Co.

31,123

31,567

31,629

31,608

30,887

32,380

32,565

Smyth Co.

23,289

23,269

23,294

22,808

22,782

22,843

22,729

Southampton Co.

12,669

12,895

12,852

12,876

12,951

12,980

12,894

Spotsylvania Co.

81,373

82,570

83,544

84,637

86,357

88,021

88,830

Stafford Co.

79,546

80,635

82,223

83,642

85,762

87,749

89,498

Surry Co.

5,341

5,469

5,455

5,448

5,447

5,398

5,386

Sussex Co.

6,674

6,822

6,885

6,884

6,795

6,763

6,699

Tazewell Co.

33,276

33,268

33,188

32,935

32,904

32,920

32,706

Warren Co.

26,948

27,161

27,160

27,295

27,508

27,870

28,317

Washington Co.

37,485

40,682

40,987

41,195

41,422

41,580

41,389

Westmoreland Co.

15,696

12,932

12,814

12,816

12,908

13,016

13,142

Wise Co.

28,555

28,548

28,483

28,240

28,183

28,147

27,854

Wythe Co.

21,735

21,896

21,999

22,005

21,999

22,036

22,038

York Co.

43,786

44,268

44,662

44,846

45,338

45,754

45,788

Alexandria City 116,184

114,489

115,088

114,684

116,639

120,072

124,081

Bedford City

3,892

3,897

3,813

3,809

3,807

3,858

3,908

Bristol City

11,408

11,525

11,690

11,674

11,693

11,635

11,613

Buena Vista City 4,244

4,233

4,291

4,257

4,225

4,231

4,264

Charlottesville City 26,259

26,109

25,932

25,960

26,468

27,415

28,225

Chesapeake City 149,091

150,502

152,110

153,426

155,212

157,613

158,956

Colonial Heights City 13,988

13,958

13,955

13,929

13,889

13,941

13,991

Covington City 4,333

4,344

4,251

4,255

4,297

4,301

4,324

Danville City

28,087

27,891

27,393

26,917

26,789

26,796

26,685

Emporia City

3,088

3,151

3,126

3,135

3,118

3,153

3,184

Fairfax City

12,859

13,102

13,471

14,098

14,792

15,496

16,156

Falls Church City 17,077

16,524

16,858

17,688

18,102

18,800

19,343

Franklin City

5,587

5,474

5,418

5,386

5,345

5,386

5,423

Fredericksburg City 17,881

18,223

18,310

18,462

19,420

20,860

22,497

Galax City

4,404

4,371

4,393

4,377

4,360

4,331

4,323

Hampton City

88,442

87,923

87,745

87,005

86,904

87,236

87,439

Harrisonburg City 21,080

21,011

20,894

21,119

21,372

22,072

22,528

Hopewell City

14,838

14,908

14,801

14,672

14,795

14,707

14,769

Lexington City 3,356

3,323

3,309

3,288

3,268

3,276

3,355

Lynchburg City 41,391

41,943

42,406

42,832

43,447

44,443

45,009

Manassas City

25,529

25,205

25,285

25,806

26,712

27,737

28,703

Manassas Park City 6,784

6,772

6,988

7,391

7,824

8,084

8,308

Martinsville City 9,210

9,214

9,147

9,037

8,954

8,960

8,949

Newport News City 112,820

112,820

111,968

111,073

110,731

111,221

111,854

Norfolk City

123,949

123,933

123,302

121,585

120,661

121,515

122,390





VIRGINIA

LICENSED DRIVERS BY JURISDICTION

CALENDAR YEARS 2006 - 2012

Jurisdiction

2006

2007

2008

2009

2010

2011

2012

Norton City

2,400

2,432

2,466

2,490

2,541

2,562

2,588

Petersburg City 20,126

20,089

19,759

19,518

19,769

19,902

20,296

Poquoson City

9,147

9,235

9,267

9,331

9,403

9,522

9,462

Portsmouth City 58,787

58,665

57,974

57,333

56,990

57,321

57,503

Radford City

7,668

7,625

7,625

7,682

7,682

7,764

7,778

Richmond City

114,994

116,164

116,665

116,144

117,160

119,638

122,678

Roanoke City

60,418

60,514

60,419

59,923

60,033

60,575

60,969

Salem City

17,724

17,799

17,833

17,630

17,779

18,027

18,225

Staunton City

15,754

16,070

16,053

15,979

15,995

16,210

16,323

Suffolk City

53,249

54,506

55,310

55,803

56,347

57,058

57,465

Va. Beach City 301,021

301,099

301,218

300,995

303,744

307,896

310,467

Waynesboro City 14,207

14,367

14,415

14,370

14,374

14,479

14,470

Williamsburg City 10,997

10,986

10,893

11,083

11,404

12,151

13,041

Winchester City 17,419

17,239

17,066

16,944

17,235

17,795

18,212

Out of State Residents 34,536

31,855

33,053

33,526

35,661

41,438

44,474

Other*

4,660

4,777

5,094

5,994

11,674

6,908

5,057

Unknown

1,455

1,019

643

424

298

244

213

Total

5,394,888

5,436,825 5,475,069 5,501,878

5,569,524

5,662,416

5,730,175





*Other includes Military and out of U.S.A.





Document Outline


lic drv-juris





